%% 参数初始化脚本
% 基本参数
Ton = 0.01;
Toi = 0.002;
Ks = 40;
% Ts = 0.00167;
R = 0.5;
GD2 = 27.5;
Alpha = 0.007;
Beta = 0.05;

%电流环参数
Ki = 1.875;
ti = 0.03;
Tl = 0.03;

%转速环参数
Kn = 12.1;
tn = 0.084;

%其他参数
gain = 100;
Jg = GD2*30/(375*pi);
Ce = 0.132;
Cm = 30*Ce/pi;